0
0,4.11062
4.11062,0
0,3.01895,3.05147
3.01895,0,6.07039
3.05147,6.07039,0
0,3.90675,5.72962,4.14841
3.90675,0,4.22178,5.71098
5.72962,4.22178,0,3.89281
4.14841,5.71098,3.89281,0
0,2.84642,2.76351,2.93109,2.89901
2.84642,0,3.89935,5.77726,4.15723
2.76351,3.89935,0,4.13266,5.6624
2.93109,5.77726,4.13266,0,3.98513
2.89901,4.15723,5.6624,3.98513,0
